//t1
1,0,1,0,1,0,0,0,0,1,1,1,0,0,0,0
//t2
1,0,1,0,1,0,0,0,0,1,1,1,0,0,0,0
//t3
1,0,1,0,1,0,0,0,0,1,1,1,0,0,0,0
1,0,1,0,1,0,0,0,0,1,1,1,0,0,0,0
1,0,1,0,1,0,0,0,0,1,1,1,0,0,0,0
1,0,1,0,1,0,0,0,0,1,1,1,0,0,0,0
1,0,1,0,1,0,0,0,0,1,1,1,0,0,0,0
1,0,1,0,1,0,0,0,0,1,1,1,0,0,0,0
1,0,1,0,1,0,0,0,0,1,1,1,0,0,0,0
1,0,1,0,1,0,0,0,0,1,1,1,0,0,0,0
1,0,1,0,1,0,0,0,0,1,1,1,0,0,0,0
1,0,1,0,1,0,0,0,0,1,1,1,0,0,0,0
1,0,1,0,1,0,0,0,0,1,1,1,0,0,0,0
1,0,1,0,1,0,0,0,0,1,1,1,0,0,0,0
1,0,1,0,1,0,0,0,0,1,1,1,0,0,0,0
1,0,1,0,1,0,0,0,0,1,1,1,0,0,0,0
1,0,1,0,1,0,0,0,0,1,1,1,0,0,0,0
1,0,1,0,1,0,0,0,0,1,1,1,0,0,0,0
1,0,1,0,1,0,0,0,0,1,1,1,0,0,0,0
1,0,1,0,1,0,0,0,0,1,1,1,0,0,0,0
1,0,1,0,1,0,0,0,0,1,1,1,0,0,0,0
1,0,1,0,1,0,0,0,0,1,1,1,0,0,0,0
1,0,1,0,1,0,0,0,0,1,1,1,0,0,0,0
1,0,1,0,1,0,0,0,0,1,1,1,0,0,0,0
1,0,1,0,1,0,0,0,0,1,1,1,0,0,0,0
1,0,1,0,1,0,0,0,0,1,1,1,0,0,0,0
1,0,1,0,1,0,0,0,0,1,1,1,0,0,0,0
1,0,1,0,1,0,0,0,0,1,1,1,0,0,0,0
1,0,1,0,1,0,0,0,0,1,1,1,0,0,0,0
1,0,1,0,1,0,0,0,0,1,1,1,0,0,1,0
1,0,1,0,1,0,0,0,0,1,1,1,0,0,0,0
1,0,1,0,1,0,0,0,0,1,1,1,0,0,0,0
1,0,1,0,1,0,0,0,0,1,1,1,0,0,0,0
1,0,1,0,1,0,0,0,0,1,1,1,0,0,1,0
1,0,1,0,1,0,0,0,0,1,1,1,0,1,0,0
1,0,1,0,1,0,0,0,0,1,1,1,0,0,0,0
1,0,1,0,1,0,0,0,0,1,1,1,0,0,0,0
1,0,1,0,1,0,0,0,0,1,1,1,0,0,0,0
1,0,1,0,1,0,0,0,0,1,1,1,0,0,0,0
1,0,1,0,1,0,0,0,0,1,1,1,0,0,0,0
1,0,1,0,1,0,0,0,0,1,1,1,0,1,0,0
1,0,1,0,1,0,0,0,0,1,1,1,0,0,0,0
1,0,1,0,1,0,0,0,0,1,1,1,0,0,0,0
1,0,1,0,1,0,0,0,0,1,1,1,0,0,0,1
1,0,1,0,1,0,0,0,0,1,1,1,0,0,0,0
1,0,1,0,1,0,0,0,0,1,1,1,0,0,0,0
1,0,1,0,1,0,0,0,0,1,1,1,0,0,0,0
1,0,1,0,1,0,0,0,0,1,1,1,0,0,0,0
1,0,1,0,1,0,0,0,0,1,1,1,0,0,0,0
1,0,1,0,1,0,0,0,0,1,1,1,0,0,0,0
1,0,1,0,1,0,0,0,0,1,1,1,0,0,0,0
1,0,1,0,1,0,0,0,0,1,1,1,0,0,0,0
1,0,1,0,1,0,0,0,0,1,1,1,0,0,0,0
1,0,1,0,1,0,0,0,0,1,1,1,0,0,0,0
1,0,1,0,1,0,0,0,0,1,1,1,0,0,0,0
1,0,1,0,1,0,0,0,0,1,1,1,0,0,0,0
1,0,1,0,1,0,0,0,0,1,1,1,0,0,0,0
1,0,1,0,1,0,0,0,0,1,1,1,0,0,0,0
1,0,1,0,1,0,0,0,0,1,1,1,0,0,0,0
1,0,1,0,1,0,0,0,0,1,1,1,0,0,0,0
1,0,1,0,1,0,0,0,0,1,1,1,0,0,0,0
1,0,1,0,1,0,0,0,0,1,1,1,0,0,0,0
1,0,1,0,1,0,0,0,0,1,1,1,0,0,0,0
1,0,1,0,1,0,0,0,0,1,1,1,0,0,0,0
1,0,1,0,1,0,0,0,0,1,1,1,0,0,0,0
1,0,1,0,1,0,0,0,0,1,1,1,0,0,0,0
1,0,1,0,1,0,0,0,0,1,1,1,0,0,0,0
1,0,1,0,1,0,0,0,0,1,1,1,0,0,0,0
1,0,1,0,1,0,0,0,0,1,1,1,0,0,0,1
1,0,1,0,1,0,0,0,0,1,1,1,0,0,0,1
1,0,1,0,1,0,0,0,0,1,1,1,0,0,1,1
1,0,1,0,1,0,0,0,0,1,1,1,0,1,1,0
1,0,1,0,1,0,0,0,0,1,1,1,0,0,0,0
1,0,1,0,1,0,0,0,0,1,1,1,0,0,0,0
1,0,1,0,1,0,0,0,0,1,1,1,0,0,0,0
1,0,1,0,1,0,0,0,0,1,1,1,0,0,0,0
1,0,1,0,1,0,0,0,0,1,1,1,0,0,0,0
1,0,1,0,1,0,0,0,0,1,1,1,0,0,0,0
1,0,1,0,1,0,0,0,0,1,1,1,0,0,0,0
1,0,1,0,1,0,0,0,0,1,1,1,0,0,0,0
1,0,1,0,1,0,0,0,0,1,1,1,0,0,0,0
1,0,1,0,1,0,0,0,0,1,1,1,0,0,0,0
1,0,1,0,1,0,0,0,0,1,1,1,0,0,0,0
1,0,1,0,1,0,0,0,0,1,1,1,0,0,0,0
1,0,1,0,1,0,0,0,0,1,1,1,0,0,0,0
1,0,1,0,1,0,0,0,0,1,1,1,0,0,0,0
1,0,1,0,1,0,0,0,0,1,1,1,0,0,0,0
1,0,1,0,1,0,0,0,0,1,1,1,0,0,0,0
1,0,1,0,1,0,0,0,0,1,1,1,0,0,0,0
1,0,1,0,1,0,0,0,0,1,1,1,0,0,0,0
1,0,1,0,1,0,0,0,0,1,1,1,0,0,0,0
1,0,1,0,1,0,0,0,0,1,1,1,0,0,0,0
1,0,1,0,1,0,0,0,0,1,1,1,0,0,0,0
1,0,1,0,1,0,0,0,0,1,1,1,0,0,0,0
1,0,1,0,1,0,0,0,0,1,1,1,0,0,0,0
1,0,1,0,1,0,0,0,0,1,1,1,0,0,0,0
1,0,1,0,1,0,0,0,0,1,1,1,0,0,0,0
1,0,1,0,1,0,0,0,0,1,1,1,0,0,0,0
1,0,1,0,1,0,0,0,0,1,1,1,0,0,0,0
1,0,1,0,1,0,0,0,0,1,1,1,0,0,0,0
1,0,1,0,1,0,0,0,0,1,1,1,0,0,0,0
1,0,1,0,1,0,0,0,0,1,1,1,0,0,0,0
1,0,1,0,1,0,0,0,0,1,1,1,0,0,0,0
1,0,1,0,1,0,0,0,0,1,1,1,0,0,0,0
1,0,1,0,1,0,0,0,0,1,1,1,0,0,0,0
1,0,1,0,1,0,0,0,0,1,1,1,0,0,0,0
1,0,1,0,1,0,0,0,0,1,1,1,0,0,0,0
1,0,1,0,1,0,0,0,0,1,1,1,0,0,0,0
1,0,1,0,1,0,0,0,0,1,1,1,0,0,0,0
1,0,1,0,1,0,0,0,0,1,1,1,0,0,0,0
1,0,1,0,1,0,0,0,0,1,1,1,0,0,0,0
1,0,1,0,1,0,0,0,0,1,1,1,0,0,0,0
1,0,1,0,1,0,0,0,0,1,1,1,0,0,0,0
1,0,1,0,1,0,0,0,0,1,1,1,0,0,0,0
1,0,1,0,1,0,0,0,0,1,1,1,0,0,0,0
1,0,1,0,1,0,0,0,0,1,1,1,0,0,0,0
1,0,1,0,1,0,0,0,0,1,1,1,0,0,0,0
1,0,1,0,1,0,0,0,0,1,1,1,0,0,0,0
1,0,1,0,1,0,0,0,0,1,1,1,0,0,0,0
1,0,1,0,1,0,0,0,0,1,1,1,0,0,0,0
1,0,1,0,1,0,0,0,0,1,1,1,0,0,0,0
1,0,1,0,1,0,0,0,0,1,1,1,0,0,0,0
1,0,1,0,1,0,0,0,0,1,1,1,0,0,0,0
1,0,1,0,1,0,0,0,0,1,1,1,0,0,0,0
1,0,1,0,1,0,0,0,0,1,1,1,0,0,0,0
1,0,1,0,1,0,0,0,0,1,1,1,0,0,0,0
1,0,1,0,1,0,0,0,0,1,1,1,0,0,0,0
1,0,1,0,1,0,0,0,0,1,1,1,0,0,0,0
1,0,1,0,1,0,0,0,0,1,1,1,0,0,0,0
1,0,1,0,1,0,0,0,0,1,1,1,0,0,0,0
1,0,1,0,1,0,0,0,0,1,1,1,0,0,0,0
1,0,1,0,1,0,0,0,0,1,1,1,0,0,0,0
1,0,1,0,1,0,0,0,0,1,1,1,0,0,0,0
1,0,1,0,1,0,0,0,0,1,1,1,0,0,0,0
1,0,1,0,1,0,0,0,0,1,1,1,0,0,0,0
1,0,1,0,1,0,0,0,0,1,1,1,0,0,0,0
1,0,1,0,1,0,0,0,0,1,1,1,0,0,0,0
1,0,1,0,1,0,0,0,0,1,1,1,0,0,0,0
1,0,1,0,1,0,0,0,0,1,1,1,0,0,0,0
1,0,1,0,1,0,0,0,0,1,1,1,0,0,0,0
1,0,1,0,1,0,0,0,0,1,1,1,0,0,0,0
1,0,1,0,1,0,0,0,0,1,1,1,0,0,0,0
1,0,1,0,1,0,0,0,0,1,1,1,0,0,0,0
1,0,1,0,1,0,0,0,0,1,1,1,0,0,0,0
1,0,1,0,1,0,0,0,0,1,1,1,0,0,0,0
1,0,1,0,1,0,0,0,0,1,1,1,0,0,0,0
1,0,1,0,1,0,0,0,0,1,1,1,0,0,0,0
1,0,1,0,1,0,0,0,0,1,1,1,0,0,0,0
1,0,1,0,1,0,0,0,0,1,1,1,0,0,0,0
1,0,1,0,1,0,0,0,0,1,1,1,0,0,0,0
1,0,1,0,1,0,0,0,0,1,1,1,0,0,0,0
1,0,1,0,1,0,0,0,0,1,1,1,0,0,0,0
1,0,1,0,1,0,0,0,0,1,1,1,0,0,0,0
1,0,1,0,1,0,0,0,0,1,1,1,0,0,0,0
1,0,1,0,1,0,0,0,0,1,1,1,0,0,0,0
1,0,1,0,1,0,0,0,0,1,1,1,0,0,0,0
1,0,1,0,1,0,0,0,0,1,1,1,0,0,0,0
1,0,1,0,1,0,0,0,0,1,1,1,0,0,0,0
1,0,1,0,1,0,0,0,0,1,1,1,0,0,0,0
1,0,1,0,1,0,0,0,0,1,1,1,0,0,0,0
1,0,1,0,1,0,0,0,0,1,1,1,0,0,0,0
1,0,1,0,1,0,0,0,0,1,1,1,0,0,0,0
1,0,1,0,1,0,0,0,0,1,1,1,0,0,0,0
1,0,1,0,1,0,0,0,0,1,1,1,0,0,0,0
1,0,1,0,1,0,0,0,0,1,1,1,0,0,0,0
1,0,1,0,1,0,0,0,0,1,1,1,0,0,0,0
1,0,1,0,1,0,0,0,0,1,1,1,0,0,0,0
1,0,1,0,1,0,0,0,0,1,1,1,0,0,0,0
1,0,1,0,1,0,0,0,0,1,1,1,0,0,0,0
1,0,1,0,1,0,0,0,0,1,1,1,0,0,0,0
1,0,1,0,1,0,0,0,0,1,1,1,0,0,0,0
1,0,1,0,1,0,0,0,0,1,1,1,0,0,0,0
1,0,1,0,1,0,0,0,0,1,1,1,0,0,0,0
1,0,1,0,1,0,0,0,0,1,1,1,0,0,0,0
1,0,1,0,1,0,0,0,0,1,1,1,0,0,0,0
1,0,1,0,1,0,0,0,0,1,1,1,0,0,0,0
1,0,1,0,1,0,0,0,0,1,1,1,0,0,0,0
1,0,1,0,1,0,0,0,0,1,1,1,0,0,0,0
1,0,1,0,1,0,0,0,0,1,1,1,0,0,0,0
1,0,1,0,1,0,0,0,0,1,1,1,0,0,0,0
1,0,1,0,1,0,0,0,0,1,1,1,0,0,0,0
1,0,1,0,1,0,0,0,0,1,1,1,0,0,0,0
1,0,1,0,1,0,0,0,0,1,1,1,0,0,0,0
1,0,1,0,1,0,0,0,0,1,1,1,0,0,0,0
1,0,1,0,1,0,0,0,0,1,1,1,0,0,0,0
1,0,1,0,1,0,0,0,0,1,1,1,0,0,0,0
1,0,1,0,1,0,0,0,0,1,1,1,0,0,0,0
1,0,1,0,1,0,0,0,0,1,1,1,0,0,0,0
1,0,1,0,1,0,0,0,0,1,1,1,0,0,0,0
1,0,1,0,1,0,0,0,0,1,1,1,0,0,0,0
1,0,1,0,1,0,0,0,0,1,1,1,0,0,0,0
1,0,1,0,1,0,0,0,0,1,1,1,0,0,0,0
1,0,1,0,1,0,0,0,0,1,1,1,0,0,0,0
1,0,1,0,1,0,0,0,0,1,1,1,0,0,0,0
1,0,1,0,1,0,0,0,0,1,1,1,0,0,0,0
1,0,1,0,1,0,0,0,0,1,1,1,0,0,0,0
1,0,1,0,1,0,0,0,0,1,1,1,0,0,0,0
1,0,1,0,1,0,0,0,0,1,1,1,0,0,0,0
1,0,1,0,1,0,0,0,0,1,1,1,0,0,0,0
1,0,1,0,1,0,0,0,0,1,1,1,0,0,0,0
1,0,1,0,1,0,0,0,0,1,1,1,0,0,0,0
1,0,1,0,1,0,0,0,0,1,1,1,0,0,0,0
1,0,1,0,1,0,0,0,0,1,1,1,0,0,0,0
1,0,1,0,1,0,0,0,0,1,1,1,0,0,0,0
1,0,1,0,1,0,0,0,0,1,1,1,0,0,0,0
1,0,1,0,1,0,0,0,0,1,1,1,0,0,0,0
1,0,1,0,1,0,0,0,0,1,1,1,0,0,0,0
1,0,1,0,1,0,0,0,0,1,1,1,0,0,0,0
1,0,1,0,1,0,0,0,0,1,1,1,0,0,0,0
1,0,1,0,1,0,0,0,0,1,1,1,0,0,0,0